000052
000054
000056
000058
000060
000062
000064
000066
000068
000104
000112
000120
000128
000136
000143
000150
000157
000164
000171
000177
000183
000189
000195
000201
000207
000213
000218
000224
000230
000236
000237
000243
000244
000250
000251
000256
000257
000262
000263
000269
000270
000276
000277
000282
000283
000289
000290
000296
000297
000303
000309
000315
000321
000327
000333
000339
000345
000052
000054
000056
000058
000060
000062
000064
000066
000068
000104
000112
000120
000128
000136
000143
000150
000157
000164
000171
000177
000183
000189
000195
000201
000207
000213
000218
000224
000230
000236
000237
000243
000244
000250
000251
000256
000257
000262
000263
000269
000270
000276
000277
000282
000283
000289
000290
000296
000297
000303
000309
000315
000321
000327
000333
000339
000345
000052
000054
000056
000058
000060
000062
000064
000066
000068
000104
000112
000120
000128
000136
000143
000150
000157
000164
000171
000177
000183
000189
000195
000201
000207
000213
000218
000224
000230
000236
000237
000243
000244
000250
000251
000256
000257
000262
000263
000269
000270
000276
000277
000282
000283
000289
000290
000296
000297
000303
000309
000315
000321
000327
000333
000339
000345
000052
000054
000056
000058
000060
000062
000064
000066
000068
000104
000112
000120
000128
000136
000143
000150
000157
000164
000171
000177
000183
000189
000195
000201
000207
000213
000218
000224
000230
000236
000237
000243
000244
000250
000251
000256
000257
000262
000263
000269
000270
000276
000277
000282
000283
000289
000290
000296
000297
000303
000309
000315
000321
000327
000333
000339
000345
000052
000054
000056
000058
000060
000062
000064
000066
000068
000104
000112
000120
000128
000136
000143
000150
000157
000164
000171
000177
000183
000189
000195
000201
000207
000213
000218
000224
000230
000236
000237
000243
000244
000250
000251
000256
000257
000262
000263
000269
000270
000276
000277
000282
000283
000289
000290
000296
000297
000303
000309
000315
000321
000327
000333
000339
000345
